,Quantization Training Accuracy,Quantization Training loss,Average Quantization Training Accuracy,Average Quantization Training loss,Kmeans Training Accuracy,Kmeans Training loss,Average Kmeans Training Accuracy,Average Kmeans Training loss
0,0.35087719559669495,46.4781379699707,,,0.5789473652839661,32.89982223510742,,
1,0.4912280738353729,1.2182374000549316,,,0.5789473652839661,1.5086899995803833,,
2,0.4385964870452881,1.9261704683303833,,,0.4912280738353729,1.786179780960083,,
3,0.4385964870452881,1.2668946981430054,,,0.5263158082962036,1.085497498512268,,
4,0.5263158082962036,1.0486596822738647,,,0.4736842215061188,0.7537879347801208,,
5,0.5263158082962036,1.5349438190460205,0.46198831001917523,8.912174006303152,0.4912280738353729,1.4931840896606445,0.5233918180068334,6.587860256433487
6,0.42105263471603394,1.1468415260314941,0.47368421653906506,1.3569579323132832,0.5087719559669495,1.3458575010299683,0.5116959164539973,1.3288661340872447
7,0.4736842215061188,0.8154171705245972,0.470760241150856,1.2898212273915608,0.5789473652839661,1.285266399383545,0.5116959164539973,1.2916288673877716
8,0.5789473652839661,1.065588355064392,0.4941520541906357,1.1463908751805623,0.5614035129547119,1.1130316257476807,0.5233918229738871,1.1794375081857045
9,0.42105263471603394,0.974554717540741,0.49122807880242664,1.097667545080185,0.5438596606254578,1.0008351802825928,0.5263157983620962,1.165327121814092
10,0.4035087823867798,0.7963017225265503,0.470760241150856,1.0556078851222992,0.6666666865348816,1.0054625272750854,0.5584795425335566,1.2072728872299194
11,0.5087719559669495,0.954281747341156,0.467836265762647,0.9588308731714884,0.6315789222717285,0.7643563747406006,0.5818713506062826,1.085801601409912
12,0.5438596606254578,0.8868270516395569,0.48830410341421765,0.9154951274394989,0.6140350699424744,1.7947314977645874,0.5994152029355367,1.1606139341990154
13,0.5964912176132202,0.7591958045959473,0.5087719360987345,0.9061248997847239,0.6491228342056274,0.6767364740371704,0.6111111144224802,1.0591922799746196
14,0.6140350699424744,0.7363041639328003,0.5146198868751526,0.851244201262792,0.6842105388641357,0.5622750520706177,0.6315789520740509,0.967399517695109
15,0.6315789222717285,0.7352198958396912,0.5497076014677683,0.811355064312617,0.5964912176132202,1.0003535747528076,0.640350878238678,0.9673192501068115
16,0.5438596606254578,0.7451464533805847,0.573099414507548,0.8028291861216227,0.6666666865348816,0.6849165558815002,0.640350878238678,0.913894921541214
17,0.6666666865348816,0.6430637836456299,0.5994152029355367,0.7509595255057017,0.8070175647735596,0.5701560974121094,0.6695906519889832,0.8815282086531321
18,0.6491228342056274,0.8113200068473816,0.6169590651988983,0.7383750180403391,0.8245614171028137,0.45996084809303284,0.7046783765157064,0.659066433707873
19,0.6140350699424744,0.8264296650886536,0.6198830405871073,0.7495806614557902,0.859649121761322,0.6028203368186951,0.7397660911083221,0.6467470775047938
20,0.6666666865348816,0.6422093510627747,0.6286549766858419,0.7338981926441193,0.7543859481811523,0.527938723564148,0.7514619926611582,0.6410243560870489
21,0.7719298005104065,0.7721946835517883,0.6520467897256216,0.7400606572628021,0.8771929740905762,0.4605279862880707,0.7982456187407175,0.5510534246762594
22,0.719298243522644,0.49772268533706665,0.6812865535418192,0.6988233625888824,0.8421052694320679,0.601108968257904,0.8274853825569153,0.53708549340566
23,0.8421052694320679,0.8364863395690918,0.710526317358017,0.7310604552427927,0.8245614171028137,0.5885692238807678,0.8304093579451243,0.540154347817103
24,0.7894737124443054,0.7147322297096252,0.7339181303977966,0.7149624923865,0.8421052694320679,0.49478623270988464,0.8333333333333334,0.5459585785865784
25,0.8070175647735596,0.6182241439819336,0.7660818795363108,0.6802615722020467,0.7894737124443054,0.5673823356628418,0.8216374317804972,0.5400522450606028
26,0.8070175647735596,0.4244878590106964,0.7894736925760905,0.6439746568600336,0.859649121761322,0.5939297080039978,0.8391812940438589,0.5510507424672445
27,0.8070175647735596,0.637558102607727,0.795321653286616,0.6215352267026901,0.859649121761322,0.5269504189491272,0.8362573186556498,0.5621211479107538
28,0.8421052694320679,0.5956817865371704,0.8157894909381866,0.6378617435693741,0.859649121761322,0.3448999226093292,0.8391812940438589,0.5194196403026581
29,0.8421052694320679,0.40405574440956116,0.8157894909381866,0.5657899777094523,0.859649121761322,0.37321263551712036,0.8450292448202769,0.4835268755753835
30,0.9122806787490845,0.30644819140434265,0.8362573186556498,0.4977426379919052,0.8245614171028137,0.3498128354549408,0.8421052694320679,0.4593646426995595
31,0.8947368264198303,0.5614122748374939,0.850877195596695,0.4882739931344986,0.8421052694320679,0.44032424688339233,0.850877195596695,0.4381882945696513
32,0.8771929740905762,0.24352075159549713,0.862573097149531,0.45811280856529873,0.8771929740905762,0.5107733607292175,0.8538011709849039,0.4243289033571879
33,0.8771929740905762,0.48868605494499207,0.8742689987023672,0.43330080062150955,0.8245614171028137,0.7847899794578552,0.847953220208486,0.4673021634419759
34,0.8421052694320679,0.5267733931541443,0.8742689987023672,0.4218160683910052,0.859649121761322,0.3623940944671631,0.847953220208486,0.47021785875161487
35,0.9298245906829834,0.25550246238708496,0.8888888855775198,0.3970571880539258,0.8947368264198303,0.22246497869491577,0.8538011709849039,0.44509324928124744
36,0.859649121761322,0.5253728032112122,0.8801169594128927,0.43354462335507077,0.9649122953414917,0.20879191160202026,0.8771929840246836,0.42158976197242737
37,0.8947368264198303,0.5452572107315063,0.8801169594128927,0.4308521126707395,0.8245614171028137,0.4878464341163635,0.8742690086364746,0.4295101265112559
38,0.8947368264198303,0.33798936009407043,0.8830409348011017,0.446596880753835,0.9298245906829834,0.18017494678497314,0.8830409447352091,0.37441039085388184
39,0.9122806787490845,0.40778279304504395,0.8888888855775198,0.4331130037705104,0.859649121761322,0.23163360357284546,0.8888888955116272,0.28221766153971356
40,0.9298245906829834,0.25240612030029297,0.9035087724526724,0.38738512496153515,0.8771929740905762,0.5490726828575134,0.8918128708998362,0.3133307596047719
41,0.8771929740905762,0.5159068703651428,0.8947368363539377,0.4307858596245448,0.8947368264198303,0.2739422917366028,0.8918128708998362,0.3219103117783864
42,0.9122806787490845,0.251011461019516,0.9035087625185648,0.3850589692592621,0.9649122953414917,0.1883620321750641,0.8918128708998362,0.31850533187389374
43,0.9122806787490845,0.3435078263282776,0.9064327379067739,0.35143407185872394,0.9473684430122375,0.15418894588947296,0.9122807085514069,0.26289575050274533
44,0.9649122953414917,0.14242957532405853,0.9181286493937174,0.3188407743970553,0.8947368264198303,0.23575764894485474,0.9064327478408813,0.2721595341960589
45,0.859649121761322,0.6829262375831604,0.9093567232290903,0.36469801515340805,0.9298245906829834,0.500221848487854,0.918128659327825,0.31692424168189365
46,0.8771929740905762,0.360591322183609,0.9005847871303558,0.3827288821339607,0.9473684430122375,0.3141234219074249,0.9298245708147684,0.27776603152354556
47,0.9649122953414917,0.16991637647151947,0.9152046740055084,0.3250637998183568,0.9122806787490845,0.18870271742343903,0.9327485462029775,0.26355943580468494
48,0.9649122953414917,0.1818193942308426,0.9239766101042429,0.3135317886869113,0.9122806787490845,0.3115577697753906,0.9239766101042429,0.2840920587380727
49,0.8070175647735596,0.5429309010505676,0.9064327577749888,0.34676896780729294,0.8245614171028137,0.6091858148574829,0.9035087724526724,0.35992487023274106
50,0.9649122953414917,0.16832220554351807,0.9064327577749888,0.3510844061772029,0.9298245906829834,0.4036347270011902,0.9093567331631979,0.3879043832421303
51,0.9473684430122375,0.20919062197208405,0.9210526446501414,0.27212847024202347,0.9122806787490845,0.3024072051048279,0.9064327478408813,0.35493527601162594
52,0.9473684430122375,0.17937110364437103,0.932748556137085,0.2419251004854838,0.9649122953414917,0.3398764431476593,0.9093567232290903,0.35922744621833164
53,0.9473684430122375,0.17698611319065094,0.929824580748876,0.2431033899386724,0.8771929740905762,0.45006734132766724,0.9035087724526724,0.4027882168690364
54,0.8771929740905762,2.23876953125,0.9152046938737234,0.5859284127751986,1.0,0.06068967655301094,0.918128659327825,0.36097686799863976
55,0.9473684430122375,0.13299819827079773,0.938596506913503,0.517606295645237,0.8947368264198303,0.5032418966293335,0.929824560880661,0.3433195482939482
56,0.9473684430122375,0.2191607654094696,0.935672531525294,0.5260793889562289,0.8947368264198303,0.36542126536369324,0.9239766001701355,0.33695063802103203
57,0.8771929740905762,0.672146201133728,0.9239766200383505,0.6032386521498362,0.9122806787490845,0.40988650918006897,0.9239766001701355,0.3548638553669055
58,0.9649122953414917,0.12051725387573242,0.9269005954265594,0.5934296771883965,0.9649122953414917,0.05541973188519478,0.9239766001701355,0.3074544034898281
59,0.8245614171028137,0.4624781310558319,0.9064327577749888,0.6410116801659266,1.0,0.0064003667794167995,0.9444444378217062,0.23350990773178637
60,0.9298245906829834,0.20090673863887787,0.9152046938737234,0.3013678813974063,0.9649122953414917,0.1780279278755188,0.9385964870452881,0.25306628295220435
61,0.9473684430122375,0.26494571566581726,0.9152046938737234,0.3233591342965762,0.9298245906829834,0.26732778549194336,0.9444444477558136,0.213747264429306
62,0.9298245906829834,0.16650821268558502,0.9122807184855143,0.3145837088425954,1.0,0.011828768998384476,0.9619883100191752,0.15481518170175454
63,0.8771929740905762,0.5620214343070984,0.9122807184855143,0.29622958103815716,0.9122806787490845,0.4604623019695282,0.9619883100191752,0.16324448049999774
64,0.8771929740905762,0.5228998064994812,0.8976608316103617,0.3632933398087819,1.0,0.01901302859187126,0.9678362607955933,0.15717669661777714
65,0.9122806787490845,0.2542484998703003,0.9122807085514069,0.32858840127786,1.0,0.00209634262137115,0.9678362607955933,0.15645935925810286
66,0.8947368264198303,0.182776540517807,0.9064327478408813,0.32556670159101486,0.9473684430122375,0.3737373650074005,0.9649122854073843,0.18907759878008315
67,0.9298245906829834,0.4704791009426117,0.9035087724526724,0.35982226580381393,0.9649122953414917,0.09685873240232468,0.9707602361838022,0.1606660899318134
68,0.8947368264198303,0.2494356483221054,0.8976608117421468,0.37364350507656735,1.0,0.003355153137817979,0.9707602361838022,0.15925382062171897
69,0.9473684430122375,0.33444368839263916,0.9093567232290903,0.3357138807574908,0.9824561476707458,0.031665243208408356,0.9824561476707458,0.08778764416153233
70,0.8947368264198303,1.0020277500152588,0.9122806986172994,0.4155685380101204,0.8947368264198303,0.6529436111450195,0.9649122854073843,0.1934427412537237
71,0.8947368264198303,0.21614356338977814,0.9093567232290903,0.4092177152633667,0.9649122953414917,0.12079233676195145,0.9590643346309662,0.21322540694382042
72,1.0,0.02597568742930889,0.926900585492452,0.383084239748617,0.9298245906829834,0.46219173073768616,0.9561403592427572,0.22796780123220137
73,0.9122806787490845,0.7616426944732666,0.9239766001701355,0.4316115053370595,0.9473684430122375,0.14304804801940918,0.9532163838545481,0.23566602050171545
74,0.9473684430122375,0.11560291051864624,0.93274853626887,0.409306049036483,0.9649122953414917,0.06807642430067062,0.9473684330781301,0.24645289902885756
75,0.9824561476707458,0.18488241732120514,0.9385964870452881,0.3843791705245773,0.9298245906829834,0.3133527636528015,0.938596506913503,0.2934008191029231
76,0.9473684430122375,0.1525687575340271,0.9473684231440226,0.24280267177770534,1.0,0.02669396810233593,0.9561403691768646,0.18902587859580913
77,0.8245614171028137,1.1893727779388428,0.9356725215911865,0.40500754086921614,0.9824561476707458,0.0692426934838295,0.9590643445650736,0.1804342713827888
78,0.9473684430122375,0.1692461371421814,0.9269005954265594,0.42888594915469486,1.0,0.029274823144078255,0.9707602461179098,0.10828145345052083
79,0.9122806787490845,0.30205780267715454,0.9269005954265594,0.3522884671886762,0.9298245906829834,0.36334484815597534,0.9678362707297007,0.1449975868066152
80,0.9298245906829834,0.27321600914001465,0.9239766200383505,0.37855731695890427,0.9649122953414917,0.07960933446884155,0.9678362707297007,0.14691973850131035
81,0.9473684430122375,0.11473251134157181,0.9181286692619324,0.3668656659622987,1.0,0.002893197350203991,0.9795321722825369,0.09517647745087743
82,0.9122806787490845,0.27111780643463135,0.9122807085514069,0.3866238407790661,0.9649122953414917,0.875383734703064,0.9736842215061188,0.2366247718843321
83,0.9122806787490845,0.38285771012306213,0.926900585492452,0.25220466280976933,0.8070175647735596,1.1921029090881348,0.944444457689921,0.4237681411517163
84,0.9649122953414917,0.1342523992061615,0.929824560880661,0.246372373153766,0.9824561476707458,0.030989019200205803,0.941520482301712,0.42405384049440425
85,0.9298245906829834,0.16175144910812378,0.9327485462029775,0.22298798089226088,0.9122806787490845,0.21263794600963593,0.9385964969793955,0.39893602347001433
86,0.9649122953414917,0.19273129105567932,0.9385964969793955,0.20957386121153831,0.9649122953414917,0.2089846432209015,0.9385964969793955,0.42049857492869097
87,0.9122806787490845,0.7890316247940063,0.93274853626887,0.3219570467869441,0.9649122953414917,0.17271196842193604,0.9327485462029775,0.44880170344064635
88,0.9473684430122375,0.143272265791893,0.9385964969793955,0.300649456679821,0.8421052694320679,0.7730744481086731,0.9122807085514069,0.43175015567491454
89,0.9649122953414917,0.12660987675189972,0.9473684330781301,0.25794148445129395,0.9298245906829834,0.13622522354125977,0.9327485462029775,0.25577054141710204
90,0.9649122953414917,0.2977830171585083,0.9473684330781301,0.28519658744335175,0.9122806787490845,0.4732368588447571,0.9210526347160339,0.3294785146911939
91,0.9298245906829834,0.4488605260848999,0.9473684330781301,0.33304810027281445,0.9298245906829834,0.2006581425666809,0.9239766200383505,0.32748188078403473
92,0.8771929740905762,0.2821803092956543,0.9327485462029775,0.34795626997947693,0.9649122953414917,0.10178434103727341,0.9239766200383505,0.30961516375343007
93,0.9649122953414917,0.06465545296669006,0.941520482301712,0.22722690800825754,0.9473684430122375,0.28611046075820923,0.9210526446501414,0.32851491247614223
94,0.9824561476707458,0.04161199927330017,0.9473684330781301,0.21028353025515875,0.9473684430122375,0.09990257769823074,0.938596506913503,0.2163196007410685
95,0.9473684430122375,0.07862085849046707,0.944444457689921,0.20228536054491997,0.8771929740905762,0.48633119463920593,0.9298245708147684,0.27467059592405957
96,0.9122806787490845,0.2918265461921692,0.9356725215911865,0.20129261538386345,0.9824561476707458,0.07502256333827972,0.941520482301712,0.20830154667297998
97,0.9122806787490845,0.4731297194957733,0.93274853626887,0.20533748095234236,0.9473684430122375,0.35090523958206177,0.944444457689921,0.2333427295088768
98,0.9649122953414917,0.12053434550762177,0.9473684231440226,0.17839648698767027,0.9473684430122375,0.6172068119049072,0.941520482301712,0.31924647465348244
99,0.9824561476707458,0.1140800416469574,0.9502923985322317,0.18663391843438148,0.9298245906829834,0.3442147970199585,0.938596506913503,0.3289305306971073
100,0.9649122953414917,0.22435615956783295,0.9473684231440226,0.2170912784834703,0.9824561476707458,0.034056514501571655,0.944444457689921,0.31795618683099747
101,0.9824561476707458,0.7761043906211853,0.9532163739204407,0.33333853383858997,0.9824561476707458,0.017548752948641777,0.9619883199532827,0.23982577988257012
102,0.9298245906829834,0.3363381624221802,0.9561403592427572,0.3407571365435918,0.8947368264198303,1.8948063850402832,0.9473684330781301,0.5431230834995707
103,0.8947368264198303,0.2835630774497986,0.9532163838545481,0.309162696202596,0.9824561476707458,0.04905750975012779,0.9532163838545481,0.4928151285275817
104,0.9824561476707458,0.027535002678632736,0.9561403592427572,0.2936628057310979,0.9824561476707458,0.04222411289811134,0.9590643346309662,0.3969846786931157
105,0.9649122953414917,0.10498478263616562,0.9532163838545481,0.29214692922929925,0.9649122953414917,0.09123516082763672,0.9649122854073843,0.35482140599439543
106,0.9649122953414917,0.11011581122875214,0.9532163838545481,0.27310687117278576,0.9473684430122375,0.18669405579566956,0.9590643346309662,0.3802609962100784
107,1.0,0.0025420973543077707,0.9561403592427572,0.14417982229497284,1.0,0.013460218906402588,0.9619883100191752,0.3795795738697052
108,0.9473684430122375,0.6671361923217773,0.9590643346309662,0.19931282727823904,1.0,0.001719126128591597,0.9795321722825369,0.0640650307177566
109,0.9122806787490845,0.3074367046356201,0.9619883100191752,0.20329176514254263,0.9298245906829834,0.287612646818161,0.9707602461179098,0.10382422022909547
110,0.9473684430122375,0.10248818248510361,0.9561403592427572,0.21578396177695444,0.9649122953414917,0.30501535534858704,0.9678362707297007,0.1476227606375081
111,0.9824561476707458,0.1371077001094818,0.9590643346309662,0.22113778135584047,0.9824561476707458,0.09264389425516129,0.9707602461179098,0.1478575495420955
112,0.8771929740905762,0.7420371770858765,0.9444444477558136,0.32645800899869454,0.9298245906829834,0.4830935001373291,0.9678362707297007,0.1972574569323721
113,0.9473684430122375,0.11643156409263611,0.9356725215911865,0.3454395867884159,0.9649122953414917,0.1663278490304947,0.9619883199532827,0.22273539528638744
114,0.9649122953414917,0.14321069419384003,0.9385964969793955,0.2581186704337597,0.9824561476707458,0.03593464940786362,0.9590643445650736,0.22843798249959946
115,0.9473684430122375,0.11117067188024521,0.944444457689921,0.22540766497453055,0.9473684430122375,0.3390331566333771,0.9619883199532827,0.23700806746880212
116,0.9473684430122375,0.4679873287677765,0.944444457689921,0.286324189354976,0.9649122953414917,0.16386833786964417,0.9619883199532827,0.213483564555645
117,0.9122806787490845,0.2526017427444458,0.9327485462029775,0.30557319646080333,0.9649122953414917,0.2443377524614334,0.9590643445650736,0.23876587425669035
118,0.9824561476707458,0.10258549451828003,0.9502924084663391,0.19899791603287062,0.8947368264198303,0.3063201308250427,0.9532163838545481,0.20930364603797594
119,0.9649122953414917,0.21685712039470673,0.9532163838545481,0.21573550874988237,0.9649122953414917,0.2864658236503601,0.9532163838545481,0.2293266418079535
120,0.9649122953414917,0.15462170541286469,0.9532163838545481,0.21763734395305315,0.9298245906829834,0.44881772994995117,0.944444457689921,0.2981404885649681
121,0.8771929740905762,0.7496593594551086,0.9415204723676046,0.3240521252155304,0.9824561476707458,0.14978384971618652,0.9502924084663391,0.266598937412103
122,0.9298245906829834,0.16375787556171417,0.9385964969793955,0.27334721634785336,0.9298245906829834,0.6583482027053833,0.944444457689921,0.34901224821805954
123,0.9473684430122375,0.2289307564496994,0.944444457689921,0.26940205196539563,0.9649122953414917,0.17079685628414154,0.944444457689921,0.3367554321885109
124,0.9473684430122375,0.16410242021083832,0.938596506913503,0.2796548729141553,0.9649122953414917,0.07895054668188095,0.9561403691768646,0.29886050149798393
125,0.9473684430122375,0.4042213261127472,0.935672531525294,0.31088224053382874,0.9298245906829834,0.41250357031822205,0.9502924184004465,0.31986679260929424
126,1.0,0.03836144879460335,0.941520482301712,0.29150553109745186,1.0,0.026347769424319267,0.9619883199532827,0.24945513252168894
127,0.9122806787490845,1.3796051740646362,0.9473684330781301,0.39649650019903976,1.0,0.001912423875182867,0.9649122953414917,0.22480989488152167
128,0.9649122953414917,0.34825918078422546,0.9532163838545481,0.427246717736125,0.9473684430122375,0.3734802305698395,0.9678362707297007,0.1773318995255977
129,0.9649122953414917,0.08712640404701233,0.9561403592427572,0.40361265900234383,0.9649122953414917,0.14314942061901093,0.9678362707297007,0.17272399358140925
130,0.9824561476707458,0.17679011821746826,0.9619883100191752,0.40572727533678216,0.9298245906829834,0.24506664276123047,0.9619883199532827,0.20041000959463418
131,0.9122806787490845,0.4275937080383301,0.9561403493086497,0.40962267232437927,0.9824561476707458,0.040712494403123856,0.9707602461179098,0.13844483027545115
132,0.9824561476707458,0.06673137843608856,0.9532163739204407,0.4143509939312935,1.0,0.0042793783359229565,0.9707602461179098,0.13476676509405175
133,1.0,0.012613861821591854,0.9678362607955933,0.18651910855745277,0.8947368264198303,0.4003956913948059,0.9532163838545481,0.20118064301398894
134,1.0,0.0009768896270543337,0.9736842115720113,0.12863872669792423,0.9649122953414917,0.09694012254476547,0.9561403592427572,0.15509062500980994
135,0.9473684430122375,0.398550808429718,0.9707602361838022,0.18054279409504184,0.9298245906829834,0.278748482465744,0.9502924084663391,0.1776904686509321
136,0.9473684430122375,0.28083065152168274,0.9649122854073843,0.1978828829790776,1.0,0.0045130071230232716,0.9619883100191752,0.13759819604456425
137,0.9298245906829834,0.12550519406795502,0.9678362707297007,0.14753479731734842,1.0,0.0013841073960065842,0.9649122854073843,0.13104346487671137
138,0.9649122953414917,0.0463472343981266,0.9649122953414917,0.1441374399776881,0.9473684430122375,0.44752323627471924,0.9561403592427572,0.2049174411998441
139,0.9649122953414917,0.24189890921115875,0.9590643445650736,0.18235161454261592,1.0,0.006190785672515631,0.9736842215061188,0.13921662357946238
140,1.0,0.03891151398420334,0.9590643445650736,0.18867405193547407,0.9473684430122375,0.3703683912754059,0.9707602461179098,0.18478800170123577
141,0.9649122953414917,0.19041822850704193,0.9619883199532827,0.15398528861502805,0.9649122953414917,0.12221623212099075,0.9766081968943278,0.15869929331044355
142,0.9824561476707458,0.08582419157028198,0.9678362707297007,0.12148421195646127,1.0,0.005090910941362381,0.9766081968943278,0.1587956106135001
143,0.9824561476707458,0.04505614936351776,0.9766081968943278,0.10807603783905506,0.9649122953414917,0.15041138231754303,0.9707602461179098,0.18363348976708949
144,0.8771929740905762,1.2376062870025635,0.9619883100191752,0.30661921327312786,1.0,0.005559433251619339,0.9795321722825369,0.10997285592990617
145,0.9122806787490845,0.32724103331565857,0.9532163739204407,0.3208429006238778,0.9298245906829834,0.34420663118362427,0.9678362707297007,0.1663088301817576
146,0.9824561476707458,0.061356209218502045,0.9502923985322317,0.3245836831629276,1.0,0.006897736340761185,0.9766081968943278,0.10573038769265015
147,0.9824561476707458,0.02982340194284916,0.9532163739204407,0.29781787873556215,0.9473684430122375,0.19240257143974304,0.9736842215061188,0.11742811091244221
148,0.9473684430122375,0.4525092840194702,0.9473684231440226,0.3589320608104269,0.9824561476707458,0.18583503365516663,0.9707602461179098,0.1475521313647429
149,0.9473684430122375,0.20425832271575928,0.9415204723676046,0.38546575636913377,1.0,0.01056345272809267,0.9766081968943278,0.12424414309983452
